img_id,version,version_name,ambiguous,assigned_category,angry,disgust,fear,happy,sad,surprise,neutral,dominant_emotion,entropy,source,detected
10_fear,b,Blur,False,fear,0.18181818181818182,0.0,0.5252525252525253,0.0,0.07070707070707072,0.22222222222222224,0.0,fear,0.6011115376332772,FER,True
10_fear,g,Greyscale,False,fear,0.18181818181818182,0.0,0.5959595959595959,0.0,0.04040404040404041,0.18181818181818182,0.0,fear,0.5437127269678228,FER,True
10_fear,l,Low resolution,False,fear,0.31313131313131304,0.0,0.5555555555555555,0.0,0.060606060606060594,0.0707070707070707,0.0,fear,0.5382332912576012,FER,True
10_fear,o,Original,False,fear,0.18181818181818182,0.0,0.5959595959595959,0.0,0.04040404040404041,0.18181818181818182,0.0,fear,0.5437127269678228,FER,True
11_happy,b,Blur,False,happy,0.0,0.0,0.0,1.0,0.0,0.0,0.0,happy,-0.0,FER,True
11_happy,g,Greyscale,False,happy,0.020202020202020204,0.0,0.0,0.9797979797979798,0.0,0.0,0.0,happy,0.05078564492850158,FER,True
11_happy,l,Low resolution,False,happy,0.0,0.0,0.0,1.0,0.0,0.0,0.0,happy,-0.0,FER,True
11_happy,o,Original,False,happy,0.020202020202020204,0.0,0.0,0.9797979797979798,0.0,0.0,0.0,happy,0.05078564492850158,FER,True
12_neutral,b,Blur,True,neutral,0.0297029702970297,0.019801980198019802,0.0891089108910891,0.0,0.0891089108910891,0.0,0.7722772277227723,neutral,0.41758926510734856,FER,True
12_neutral,g,Greyscale,True,neutral,0.05,0.05,0.06,0.0,0.16,0.0,0.68,neutral,0.5261503939480082,FER,True
12_neutral,l,Low resolution,True,neutral,0.039603960396039604,0.039603960396039604,0.0891089108910891,0.0,0.25742574257425743,0.0,0.5742574257425742,neutral,0.585363750266156,FER,True
12_neutral,o,Original,True,neutral,0.05,0.05,0.06,0.0,0.16,0.0,0.68,neutral,0.5261503939480082,FER,True
13_sad,b,Blur,False,sad,0.17171717171717174,0.0,0.020202020202020204,0.0,0.30303030303030304,0.0,0.5050505050505051,neutral,0.5592089784381372,FER,True
13_sad,g,Greyscale,False,sad,0.16,0.0,0.01,0.0,0.29,0.0,0.54,neutral,0.5298234428190108,FER,True
13_sad,l,Low resolution,False,sad,0.11,0.0,0.01,0.0,0.38,0.0,0.5,neutral,0.5154952622335376,FER,True
13_sad,o,Original,False,sad,0.16,0.0,0.01,0.0,0.29,0.0,0.54,neutral,0.5298234428190108,FER,True
14_surprise,b,Blur,False,surprise,0.009900990099009901,0.0,0.15841584158415842,0.009900990099009901,0.0,0.8217821782178217,0.0,surprise,0.2798557176099946,FER,True
14_surprise,g,Greyscale,False,surprise,0.05,0.0,0.4,0.0,0.01,0.54,0.0,surprise,0.4599879002690068,FER,True
14_surprise,l,Low resolution,False,surprise,0.030303030303030304,0.0,0.19191919191919193,0.0,0.010101010101010102,0.7676767676767677,0.0,surprise,0.3454069280167353,FER,True
14_surprise,o,Original,False,surprise,0.05,0.0,0.4,0.0,0.01,0.54,0.0,surprise,0.4599879002690068,FER,True
15_angry,b,Blur,True,angry,0.494949494949495,0.0,0.05050505050505051,0.0,0.23232323232323235,0.0,0.22222222222222224,angry,0.6024091824195631,FER,True
15_angry,g,Greyscale,True,angry,0.22,0.0,0.09,0.0,0.29,0.0,0.4,neutral,0.655386407520658,FER,True
15_angry,l,Low resolution,True,angry,0.18181818181818182,0.0,0.05050505050505051,0.0,0.24242424242424243,0.010101010101010102,0.5151515151515151,neutral,0.6127671134491329,FER,True
15_angry,o,Original,True,angry,0.22,0.0,0.09,0.0,0.29,0.0,0.4,neutral,0.655386407520658,FER,True
16_disgust,b,Blur,False,disgust,0.54,0.09,0.09,0.06,0.16,0.0,0.06,angry,0.7179124101569305,FER,True
16_disgust,g,Greyscale,False,disgust,0.8787878787878788,0.08080808080808081,0.010101010101010102,0.010101010101010102,0.020202020202020204,0.0,0.0,angry,0.25103691166692527,FER,True
16_disgust,l,Low resolution,False,disgust,0.79,0.07,0.0,0.12,0.01,0.0,0.01,angry,0.369443509238965,FER,True
16_disgust,o,Original,False,disgust,0.8787878787878788,0.08080808080808081,0.010101010101010102,0.010101010101010102,0.020202020202020204,0.0,0.0,angry,0.25103691166692527,FER,True
17_fear,b,Blur,True,fear,0.34,0.0,0.34,0.04,0.1,0.08,0.1,angry,0.7836543293694305,FER,True
17_fear,g,Greyscale,True,fear,0.37,0.0,0.2,0.01,0.08,0.19,0.15,angry,0.7903642646625975,FER,True
17_fear,l,Low resolution,True,fear,0.36633663366336633,0.009900990099009901,0.15841584158415842,0.039603960396039604,0.16831683168316833,0.07920792079207921,0.1782178217821782,angry,0.8435552838849119,FER,True
17_fear,o,Original,True,fear,0.37,0.0,0.2,0.01,0.08,0.19,0.15,angry,0.7903642646625975,FER,True
18_happy,b,Blur,True,happy,0.0,0.0,0.0,0.6262626262626263,0.0,0.0,0.37373737373737376,happy,0.3396430477971586,FER,True
18_happy,g,Greyscale,True,happy,0.010101010101010102,0.0,0.0,0.5252525252525253,0.0,0.0,0.4646464646464647,happy,0.38067246842993846,FER,True
18_happy,l,Low resolution,True,happy,0.01,0.0,0.0,0.5,0.0,0.01,0.48,happy,0.4064844404158286,FER,True
18_happy,o,Original,True,happy,0.010101010101010102,0.0,0.0,0.5252525252525253,0.0,0.0,0.4646464646464647,happy,0.38067246842993846,FER,True
19_neutral,b,Blur,True,neutral,0.20202020202020202,0.0,0.0909090909090909,0.0202020202020202,0.303030303030303,0.0,0.3838383838383838,neutral,0.693382314512931,FER,True
19_neutral,g,Greyscale,True,neutral,0.21212121212121213,0.0,0.04040404040404041,0.010101010101010102,0.32323232323232326,0.0,0.41414141414141414,neutral,0.6347252532409577,FER,True
19_neutral,l,Low resolution,True,neutral,0.19,0.0,0.04,0.02,0.18,0.0,0.57,neutral,0.5918083747918903,FER,True
19_neutral,o,Original,True,neutral,0.21212121212121213,0.0,0.04040404040404041,0.010101010101010102,0.32323232323232326,0.0,0.41414141414141414,neutral,0.6347252532409577,FER,True
1_angry,b,Blur,False,angry,0.43,0.0,0.08,0.0,0.45,0.0,0.04,sad,0.541160093427366,FER,True
1_angry,g,Greyscale,False,angry,0.7777777777777778,0.0,0.020202020202020204,0.0,0.18181818181818182,0.0,0.020202020202020204,angry,0.34075388211499974,FER,True
1_angry,l,Low resolution,False,angry,0.47474747474747475,0.0,0.05050505050505051,0.0,0.4040404040404041,0.0,0.07070707070707072,angry,0.5436742825374891,FER,True
1_angry,o,Original,False,angry,0.7777777777777778,0.0,0.020202020202020204,0.0,0.18181818181818182,0.0,0.020202020202020204,angry,0.34075388211499974,FER,True
20_sad,b,Blur,True,sad,0.16,0.01,0.13,0.01,0.43,0.0,0.26,sad,0.7007987624649291,FER,True
20_sad,g,Greyscale,True,sad,0.1,0.0,0.1,0.0,0.64,0.0,0.16,sad,0.5341221941749497,FER,True
20_sad,l,Low resolution,True,sad,0.1,0.0,0.05,0.0,0.78,0.0,0.07,sad,0.3905592384027518,FER,True
20_sad,o,Original,True,sad,0.1,0.0,0.1,0.0,0.64,0.0,0.16,sad,0.5341221941749497,FER,True
21_surprise,b,Blur,False,surprise,0.0,0.0,0.030303030303030304,0.0,0.0,0.9696969696969697,0.0,surprise,0.0697842903062704,FER,True
21_surprise,g,Greyscale,False,surprise,0.09,0.0,0.21,0.0,0.02,0.66,0.02,surprise,0.5011394003055556,FER,True
21_surprise,l,Low resolution,False,surprise,0.14999999999999997,0.0,0.06999999999999999,0.029999999999999992,0.07999999999999999,0.5599999999999999,0.10999999999999997,surprise,0.6914347135853844,FER,True
21_surprise,o,Original,False,surprise,0.09,0.0,0.21,0.0,0.02,0.66,0.02,surprise,0.5011394003055556,FER,True
22_angry,b,Blur,False,angry,0.94,0.0,0.01,0.0,0.04,0.0,0.01,angry,0.14338859188588404,FER,True
22_angry,g,Greyscale,False,angry,0.9207920792079208,0.0,0.009900990099009901,0.009900990099009901,0.039603960396039604,0.0,0.019801980198019802,angry,0.1916380218203478,FER,True
22_angry,l,Low resolution,False,angry,0.8181818181818181,0.0,0.0202020202020202,0.0202020202020202,0.10101010101010101,0.0,0.0404040404040404,angry,0.35102302040677125,FER,True
22_angry,o,Original,False,angry,0.9207920792079208,0.0,0.009900990099009901,0.009900990099009901,0.039603960396039604,0.0,0.019801980198019802,angry,0.1916380218203478,FER,True
23_disgust,b,Blur,False,disgust,0.9504950495049505,0.019801980198019802,0.019801980198019802,0.0,0.009900990099009901,0.0,0.0,angry,0.12810395344702977,FER,True
23_disgust,g,Greyscale,False,disgust,0.9595959595959596,0.020202020202020204,0.020202020202020204,0.0,0.0,0.0,0.0,angry,0.10135721727118974,FER,True
23_disgust,l,Low resolution,False,disgust,0.9797979797979798,0.010101010101010102,0.010101010101010102,0.0,0.0,0.0,0.0,angry,0.05798174971856262,FER,True
23_disgust,o,Original,False,disgust,0.9595959595959596,0.020202020202020204,0.020202020202020204,0.0,0.0,0.0,0.0,angry,0.10135721727118974,FER,True
24_fear,b,Blur,False,fear,0.03,0.0,0.89,0.0,0.04,0.04,0.0,fear,0.2396934409347151,FER,True
24_fear,g,Greyscale,False,fear,0.01,0.0,0.92,0.0,0.05,0.02,0.0,fear,0.18027032545175292,FER,True
24_fear,l,Low resolution,False,fear,0.010101010101010102,0.0,0.8484848484848485,0.0,0.09090909090909091,0.05050505050505051,0.0,fear,0.2850113599911956,FER,True
24_fear,o,Original,False,fear,0.01,0.0,0.92,0.0,0.05,0.02,0.0,fear,0.18027032545175292,FER,True
25_happy,b,Blur,False,happy,0.010101010101010102,0.0,0.020202020202020204,0.22222222222222224,0.010101010101010102,0.0,0.7373737373737373,neutral,0.37542660487487806,FER,True
25_happy,g,Greyscale,False,happy,0.009900990099009901,0.0,0.009900990099009901,0.009900990099009901,0.009900990099009901,0.0,0.9603960396039604,neutral,0.11387278639839887,FER,True
25_happy,l,Low resolution,False,happy,0.010101010101010102,0.0,0.010101010101010102,0.10101010101010102,0.010101010101010102,0.010101010101010102,0.8585858585858586,neutral,0.2816871858763535,FER,True
25_happy,o,Original,False,happy,0.009900990099009901,0.0,0.009900990099009901,0.009900990099009901,0.009900990099009901,0.0,0.9603960396039604,neutral,0.11387278639839887,FER,True
26_neutral,b,Blur,False,neutral,,,,,,,,,,FER,False
26_neutral,g,Greyscale,False,neutral,,,,,,,,,,FER,False
26_neutral,l,Low resolution,False,neutral,,,,,,,,,,FER,False
26_neutral,o,Original,False,neutral,,,,,,,,,,FER,False
27_sad,b,Blur,False,sad,0.03,0.0,0.05,0.0,0.8,0.0,0.12,sad,0.3535259921053647,FER,True
27_sad,g,Greyscale,False,sad,0.02,0.0,0.08,0.0,0.77,0.0,0.13,sad,0.3837681447458969,FER,True
27_sad,l,Low resolution,False,sad,0.01,0.0,0.05,0.0,0.87,0.0,0.07,sad,0.25856513310611473,FER,True
27_sad,o,Original,False,sad,0.02,0.0,0.08,0.0,0.77,0.0,0.13,sad,0.3837681447458969,FER,True
28_surprise,b,Blur,True,surprise,0.020202020202020204,0.0,0.2828282828282829,0.10101010101010102,0.07070707070707072,0.19191919191919193,0.33333333333333337,neutral,0.7903265053315441,FER,True
28_surprise,g,Greyscale,True,surprise,0.04040404040404041,0.0,0.36363636363636365,0.010101010101010102,0.16161616161616163,0.13131313131313133,0.29292929292929293,fear,0.7527191819656454,FER,True
28_surprise,l,Low resolution,True,surprise,0.0297029702970297,0.0,0.5841584158415841,0.009900990099009901,0.16831683168316833,0.04950495049504951,0.15841584158415842,fear,0.6191375495661495,FER,True
28_surprise,o,Original,True,surprise,0.04040404040404041,0.0,0.36363636363636365,0.010101010101010102,0.16161616161616163,0.13131313131313133,0.29292929292929293,fear,0.7527191819656454,FER,True
29_angry,b,Blur,False,angry,0.99,0.0,0.0,0.0,0.01,0.0,0.0,angry,0.028779095675118695,FER,True
29_angry,g,Greyscale,False,angry,1.0,0.0,0.0,0.0,0.0,0.0,0.0,angry,-0.0,FER,True
29_angry,l,Low resolution,False,angry,0.9801980198019802,0.0,0.009900990099009901,0.0,0.009900990099009901,0.0,0.0,angry,0.057039190139609765,FER,True
29_angry,o,Original,False,angry,1.0,0.0,0.0,0.0,0.0,0.0,0.0,angry,-0.0,FER,True
2_disgust,b,Blur,False,disgust,0.1919191919191919,0.0,0.0808080808080808,0.0303030303030303,0.1515151515151515,0.0101010101010101,0.5353535353535354,neutral,0.6644079074146352,FER,True
2_disgust,g,Greyscale,False,disgust,0.1,0.0,0.03,0.02,0.1,0.01,0.74,neutral,0.4690985791867654,FER,True
2_disgust,l,Low resolution,False,disgust,0.14,0.0,0.04,0.06,0.17,0.0,0.59,neutral,0.6091501488005503,FER,True
2_disgust,o,Original,False,disgust,0.1,0.0,0.03,0.02,0.1,0.01,0.74,neutral,0.4690985791867654,FER,True
30_disgust,b,Blur,False,disgust,0.07,0.0,0.18,0.39,0.32,0.01,0.03,happy,0.7081039483016871,FER,True
30_disgust,g,Greyscale,False,disgust,0.02,0.0,0.07,0.04,0.84,0.0,0.03,sad,0.3313602522309829,FER,True
30_disgust,l,Low resolution,False,disgust,0.04,0.0,0.05,0.66,0.11,0.01,0.13,happy,0.5688147986913379,FER,True
30_disgust,o,Original,False,disgust,0.02,0.0,0.07,0.04,0.84,0.0,0.03,sad,0.3313602522309829,FER,True
31_fear,b,Blur,False,fear,0.039603960396039604,0.0,0.04950495049504951,0.0297029702970297,0.3069306930693069,0.0,0.5742574257425742,neutral,0.5458499482872485,FER,True
31_fear,g,Greyscale,False,fear,0.019801980198019802,0.0,0.0594059405940594,0.019801980198019802,0.43564356435643564,0.0,0.4653465346534653,neutral,0.5349770556417337,FER,True
31_fear,l,Low resolution,False,fear,0.020202020202020204,0.0,0.08080808080808081,0.020202020202020204,0.35353535353535354,0.0,0.5252525252525253,neutral,0.5481939897864554,FER,True
31_fear,o,Original,False,fear,0.019801980198019802,0.0,0.0594059405940594,0.019801980198019802,0.43564356435643564,0.0,0.4653465346534653,neutral,0.5349770556417337,FER,True
32_happy,b,Blur,False,happy,0.0,0.0,0.0,0.27,0.0,0.0,0.73,neutral,0.29973575111458944,FER,True
32_happy,g,Greyscale,False,happy,0.01,0.0,0.0,0.35,0.01,0.0,0.63,neutral,0.38574416563094566,FER,True
32_happy,l,Low resolution,False,happy,0.010101010101010102,0.0,0.0,0.14141414141414144,0.010101010101010102,0.0,0.8383838383838383,neutral,0.2658063497970705,FER,True
32_happy,o,Original,False,happy,0.01,0.0,0.0,0.35,0.01,0.0,0.63,neutral,0.38574416563094566,FER,True
33_neutral,b,Blur,False,neutral,0.06060606060606061,0.0,0.010101010101010102,0.0,0.13131313131313133,0.0,0.797979797979798,neutral,0.34070726291764225,FER,True
33_neutral,g,Greyscale,False,neutral,0.11,0.0,0.01,0.0,0.43,0.0,0.45,neutral,0.5195962086565253,FER,True
33_neutral,l,Low resolution,False,neutral,0.010101010101010102,0.0,0.0,0.0,0.12121212121212122,0.0,0.8686868686868687,neutral,0.2181426719417018,FER,True
33_neutral,o,Original,False,neutral,0.11,0.0,0.01,0.0,0.43,0.0,0.45,neutral,0.5195962086565253,FER,True
34_sad,b,Blur,False,sad,0.17,0.0,0.31,0.0,0.46,0.01,0.05,sad,0.6255894943003595,FER,True
34_sad,g,Greyscale,False,sad,0.19,0.0,0.19,0.0,0.59,0.0,0.03,sad,0.5383485531688074,FER,True
34_sad,l,Low resolution,False,sad,0.21,0.0,0.18,0.0,0.47,0.0,0.14,sad,0.6508605545378642,FER,True
34_sad,o,Original,False,sad,0.19,0.0,0.19,0.0,0.59,0.0,0.03,sad,0.5383485531688074,FER,True
35_surprise,b,Blur,False,surprise,0.0,0.0,0.0,0.0,0.0,1.0,0.0,surprise,-0.0,FER,True
35_surprise,g,Greyscale,False,surprise,0.0,0.0,0.01,0.0,0.0,0.99,0.0,surprise,0.028779095675118695,FER,True
35_surprise,l,Low resolution,False,surprise,0.0,0.0,0.01,0.0,0.0,0.99,0.0,surprise,0.028779095675118695,FER,True
35_surprised,o,Original,False,surprised,,,,,,,,,,FER,False
3_fear,b,Blur,False,fear,0.0,0.0,0.13,0.0,0.0,0.87,0.0,surprise,0.19856348787542116,FER,True
3_fear,g,Greyscale,False,fear,0.0,0.0,0.31313131313131315,0.0,0.0,0.686868686868687,0.0,surprise,0.3194305816911289,FER,True
3_fear,l,Low resolution,False,fear,0.01,0.0,0.35,0.01,0.16,0.46,0.01,surprise,0.5940711738847032,FER,True
3_fear,o,Original,False,fear,0.0,0.0,0.31313131313131315,0.0,0.0,0.686868686868687,0.0,surprise,0.3194305816911289,FER,True
4_happy,b,Blur,True,happy,0.0,0.0,0.0,0.92,0.0,0.0,0.08,happy,0.1432591180553338,FER,True
4_happy,g,Greyscale,True,happy,0.0,0.0,0.0,0.898989898989899,0.0,0.0,0.10101010101010102,happy,0.16819725249797327,FER,True
4_happy,l,Low resolution,True,happy,0.0,0.0,0.0,0.98,0.0,0.0,0.02,happy,0.050382137801854486,FER,True
4_happy,o,Original,True,happy,0.0,0.0,0.0,0.898989898989899,0.0,0.0,0.10101010101010102,happy,0.16819725249797327,FER,True
5_neutral,b,Blur,False,neutral,,,,,,,,,,FER,False
5_neutral,g,Greyscale,False,neutral,0.07920792079207921,0.0,0.0891089108910891,0.0,0.36633663366336633,0.0297029702970297,0.43564356435643564,neutral,0.6426908078986994,FER,True
5_neutral,l,Low resolution,False,neutral,,,,,,,,,,FER,False
5_neutral,o,Original,False,neutral,0.07920792079207921,0.0,0.0891089108910891,0.0,0.36633663366336633,0.0297029702970297,0.43564356435643564,neutral,0.6426908078986994,FER,True
6_sad,b,Blur,False,sad,0.08080808080808081,0.0,0.15151515151515152,0.0,0.35353535353535354,0.0,0.41414141414141414,neutral,0.6279263782968252,FER,True
6_sad,g,Greyscale,False,sad,0.02,0.0,0.14,0.0,0.74,0.01,0.09,sad,0.4312022503745931,FER,True
6_sad,l,Low resolution,False,sad,0.06,0.0,0.03,0.0,0.68,0.01,0.22,sad,0.470428539755646,FER,True
6_sad,o,Original,False,sad,0.02,0.0,0.14,0.0,0.74,0.01,0.09,sad,0.4312022503745931,FER,True
7_surprise,b,Blur,True,surprise,0.10101010101010102,0.0,0.17171717171717174,0.010101010101010102,0.13131313131313133,0.23232323232323235,0.35353535353535354,neutral,0.7985071658757383,FER,True
7_surprise,g,Greyscale,True,surprise,,,,,,,,,,FER,False
7_surprise,l,Low resolution,True,surprise,0.0606060606060606,0.0,0.1212121212121212,0.0,0.2222222222222222,0.1919191919191919,0.40404040404040403,neutral,0.7414928917527833,FER,True
7_surprise,o,Original,True,surprise,,,,,,,,,,FER,False
8_angry,b,Blur,False,angry,0.95,0.01,0.03,0.0,0.01,0.0,0.0,angry,0.12643377723631002,FER,True
8_angry,g,Greyscale,False,angry,0.92,0.0,0.06,0.0,0.02,0.0,0.0,angry,0.16637776594940257,FER,True
8_angry,l,Low resolution,False,angry,,,,,,,,,,FER,False
8_angry,o,Original,False,angry,0.92,0.0,0.06,0.0,0.02,0.0,0.0,angry,0.16637776594940257,FER,True
9_disgust,b,Blur,False,disgust,0.57,0.0,0.03,0.03,0.12,0.04,0.21,angry,0.6381198753004398,FER,True
9_disgust,g,Greyscale,False,disgust,0.5742574257425742,0.0,0.10891089108910891,0.019801980198019802,0.1485148514851485,0.019801980198019802,0.12871287128712872,angry,0.648768398952542,FER,True
9_disgust,l,Low resolution,False,disgust,0.27272727272727276,0.0,0.04040404040404041,0.020202020202020204,0.32323232323232326,0.0,0.3434343434343435,neutral,0.6654619716972474,FER,True
9_disgust,o,Original,False,disgust,0.5742574257425742,0.0,0.10891089108910891,0.019801980198019802,0.1485148514851485,0.019801980198019802,0.12871287128712872,angry,0.648768398952542,FER,True
10_fear,b,Blur,False,fear,0.3121505850716725,0.0001242548846938087,0.18332316737352294,0.00022694824111296313,0.007167118780141596,0.4664013795039995,0.03060654614485662,surprise,0.6039796736403005,DeepFace,True
10_fear,g,Greyscale,False,fear,0.0016702418130677414,8.419203656475531e-09,0.7685406704645175,3.343605419607232e-05,1.582108882215821e-05,0.2297301440863837,9.678073809116367e-06,fear,0.28343455650349997,DeepFace,True
10_fear,l,Low resolution,False,fear,0.1734439512173739,0.0009283218743113424,0.46605629842689184,0.0005853009990715013,0.003037761542365191,0.3528312005365811,0.0031171654034050996,fear,0.5517571449101588,DeepFace,True
10_fear,o,Original,False,fear,0.0015595708198397928,7.938112587557995e-09,0.7625947188732751,3.391440343850957e-05,1.4754274529398043e-05,0.23578857473321202,8.458957592567879e-06,fear,0.2867805030092883,DeepFace,True
11_happy,b,Blur,False,happy,0.00020700992943006337,6.945128362425696e-07,0.0011146117490617928,0.995044114275268,0.00017721396616734569,6.216650230469674e-05,0.003394189064931854,happy,0.018356039538655406,DeepFace,True
11_happy,g,Greyscale,False,happy,0.00014768479700295783,1.0637182660785624e-08,0.000211194535365562,0.9945289465076222,2.3529857506565837e-05,3.357586310612914e-05,0.005055057802213823,happy,0.018433931198089504,DeepFace,True
11_happy,l,Low resolution,False,happy,0.01231894986455792,1.9020688889701957e-06,0.008195998579215583,0.9701320444382387,0.00032538782657974145,0.00054593998324485,0.008479777239274343,happy,0.08743591744242529,DeepFace,True
11_happy,o,Original,False,happy,0.00016544910406816646,1.2454521702728342e-08,0.000231679627921585,0.994329618910318,2.6542840383186273e-05,3.592078019822941e-05,0.005210776282589163,happy,0.019052636810794468,DeepFace,True
12_neutral,b,Blur,True,neutral,0.10868445866271337,0.006458259679342366,0.41811546886427287,0.0022558390017737052,0.15617854592166475,0.00139560817190536,0.3069118196983274,fear,0.6751575150361883,DeepFace,True
12_neutral,g,Greyscale,True,neutral,0.047346837890105006,3.466489948327172e-05,0.07199479650399677,4.912055017624831e-05,0.1348341854462203,0.00018922466580453403,0.7455511700442139,neutral,0.42417231220743984,DeepFace,True
12_neutral,l,Low resolution,True,neutral,0.09342008884310134,0.0003859652520143117,0.31440118140958484,0.0013547305796240195,0.20047345875925712,0.0007771176797615735,0.38918745747665684,neutral,0.6640847742314909,DeepFace,True
12_neutral,o,Original,True,neutral,0.0463999133116352,3.34597250148307e-05,0.07010955482736556,4.916825780513415e-05,0.13306124810724634,0.00018602861177138296,0.7501606271591615,neutral,0.41895757048274584,DeepFace,True
13_sad,b,Blur,False,sad,0.000708704523348192,5.311062249310617e-09,0.00020096685527348768,2.1278566793116285e-07,0.5116863075463984,1.2477670590331743e-08,0.4874037905005792,sad,0.3597209936424685,DeepFace,True
13_sad,g,Greyscale,False,sad,0.00028050818739669474,8.057586760657847e-10,0.0001091918303391087,1.9314901891110457e-07,0.13275247714523175,1.0657855319746098e-07,0.8668575223037017,neutral,0.20310042534926742,DeepFace,True
13_sad,l,Low resolution,False,sad,0.006767650468180358,4.972306544927859e-08,0.011595920299398927,9.927690314373942e-05,0.47528161959224663,8.953639630695449e-05,0.5061659466176579,neutral,0.40362810705343444,DeepFace,True
13_sad,o,Original,False,sad,0.00028385869102959304,8.047322277808481e-10,0.00010835825391826156,1.8585474689046586e-07,0.135716548559067,9.925060652090061e-08,0.8638909485858994,neutral,0.20594896783696143,DeepFace,True
14_surprise,b,Blur,False,surprise,6.0419859576538866e-05,1.369194053371073e-09,0.1970579718400106,0.7271711624150896,0.07167120078615988,1.627490883264181e-05,0.00402296882113667,happy,0.3924138953145744,DeepFace,True
14_surprise,g,Greyscale,False,surprise,0.00028003782658002016,6.780621523643928e-12,0.015850092101633226,0.9830412136866753,0.0008240397826656385,1.702140901569383e-06,2.914454763724021e-06,happy,0.04661495743080106,DeepFace,True
14_surprise,l,Low resolution,False,surprise,0.0004100999072596096,6.303730178735595e-07,0.7682033463690441,0.11008136379221624,0.08644908984519559,0.0016067273108689817,0.03324874240239761,fear,0.40281063921345583,DeepFace,True
14_surprise,o,Original,False,surprise,0.0002971043161412739,7.449365601315265e-12,0.016662211618309077,0.9822309430002559,0.0008047185875610055,1.967736077003337e-06,3.054734206409312e-06,happy,0.04833045573999014,DeepFace,True
15_angry,b,Blur,True,angry,0.09435338440010435,1.1548657035272704e-07,0.06122179645503826,3.705624806072075e-05,0.3536770013163293,2.9061966147783086e-05,0.49068158412774926,neutral,0.5711360884694845,DeepFace,True
15_angry,g,Greyscale,True,angry,0.0012249361863342456,3.623979619774024e-12,0.000738804279157149,5.545734818254057e-06,0.007281157220675572,6.660935015257153e-07,0.9907488904818893,neutral,0.030148455759070696,DeepFace,True
15_angry,l,Low resolution,True,angry,0.397133264447188,8.336574170801877e-08,0.035099216113260695,1.5223577199097749e-05,0.2875645781933539,7.4756158683739875e-06,0.28018015868738827,angry,0.616393022759856,DeepFace,True
15_angry,o,Original,True,angry,0.0012519640547381963,3.6798482098414566e-12,0.0007446123290864573,5.585872891209833e-06,0.007371166489556697,6.62255011446592e-07,0.9906260089950362,neutral,0.030489978751392897,DeepFace,True
16_disgust,b,Blur,False,disgust,0.05963638292058893,0.0027331922836275817,0.16466929680402628,2.4478316010429713e-05,0.7262133651817985,3.936393271917747e-05,0.046683920561229164,sad,0.4405900191720256,DeepFace,True
16_disgust,g,Greyscale,False,disgust,0.2556443655487455,0.40075331188558877,0.094113720259204,3.202059994695025e-05,0.23351125235653508,0.0005772440668027811,0.015368085283176767,disgust,0.6917125631852544,DeepFace,True
16_disgust,l,Low resolution,False,disgust,0.24536770439376296,0.05101087659707482,0.2283172147097228,0.001236887874332676,0.3616966286109724,0.019602302347762144,0.0927683854663722,sad,0.7747126638361631,DeepFace,True
16_disgust,o,Original,False,disgust,0.25673591780892346,0.4099771330966754,0.09267347194216115,2.9028814983540795e-05,0.22518497433806853,0.0005544633537698224,0.014845010645418169,disgust,0.6874704484647934,DeepFace,True
17_fear,b,Blur,True,fear,0.26950445461648975,4.890222215397741e-07,0.019968041920775358,0.042517184722804725,0.0020027544585045345,0.6519685312722522,0.014038543986951894,surprise,0.47124486871172105,DeepFace,True
17_fear,g,Greyscale,True,fear,0.06133734680076609,9.429871798669503e-08,0.011708960625418171,0.0040592964827490365,0.00019571723126684268,0.9200330185687476,0.0026655659923341575,surprise,0.17462071043614083,DeepFace,True
17_fear,l,Low resolution,True,fear,0.8266527299780366,2.76226631542297e-07,0.034674348691773,0.021153227454244184,0.0022843285885382853,0.09790306120321758,0.017332027857558916,angry,0.34286761837836655,DeepFace,True
17_fear,o,Original,True,fear,0.06942454026532316,1.1607794980113487e-07,0.011351209209216772,0.004190393751364767,0.00019734747314981,0.9123597801692669,0.002476613053728818,surprise,0.1845914758935204,DeepFace,True
18_happy,b,Blur,True,happy,0.00015320590696696023,1.3700570556256525e-08,0.00041259970815407166,0.04632573163973206,0.015252620150951633,5.493658714679699e-05,0.9378008923064779,neutral,0.1394929233649293,DeepFace,True
18_happy,g,Greyscale,True,happy,0.0001220943446233458,3.265959964592043e-09,0.00213212553107489,0.14056079700134314,0.005821590878835215,0.0012269237009414685,0.850136465277222,neutral,0.2395900693749539,DeepFace,True
18_happy,l,Low resolution,True,happy,4.984177013457349e-05,3.3277597334426653e-09,0.0012664467049391984,0.05493803876485567,0.006641926463502885,0.00015737953592291192,0.936946363432885,neutral,0.1356969788116597,DeepFace,True
18_happy,o,Original,True,happy,0.0001384969033552773,3.958069758792969e-09,0.0022527279154441636,0.13593655436353616,0.006359793995445168,0.0012842819193459444,0.8540281409448035,neutral,0.23727066301286187,DeepFace,True
19_neutral,b,Blur,True,neutral,0.21036453930805613,0.00010260049208993742,0.32755396370656664,0.00043695898130780947,0.25532758704085085,0.001018994273675093,0.20519535619745363,fear,0.7083720459004292,DeepFace,True
19_neutral,g,Greyscale,True,neutral,0.04360059316828153,2.2770395559097492e-08,0.0825677298248298,5.669882064519471e-05,0.17487096949355305,0.0001783982459771701,0.6987255876763178,neutral,0.4625247409793891,DeepFace,True
19_neutral,l,Low resolution,True,neutral,0.10022447396500613,4.324603389358485e-06,0.03961462287673729,0.0026605875017503525,0.17658320490337176,0.0008318174592455533,0.6800809686904996,neutral,0.4874664833714508,DeepFace,True
19_neutral,o,Original,True,neutral,0.04267969827402614,2.2255341036115333e-08,0.0823478869643154,5.704998692901631e-05,0.17446580904822362,0.0001780313646080973,0.7002715021065566,neutral,0.4606760040715129,DeepFace,True
1_angry,b,Blur,False,angry,0.9728179946036056,4.729779918766801e-06,0.0034839160481996553,2.3404106796756574e-06,0.023058299407159488,4.289990073982033e-06,0.0006284297603627487,angry,0.07103340416947616,DeepFace,True
1_angry,g,Greyscale,False,angry,0.992239290166455,3.6692378963918826e-05,0.001272463038835603,4.02433444718422e-07,0.006401498377012489,1.5035703565853683e-05,3.461790172243282e-05,angry,0.025413492697188584,DeepFace,True
1_angry,l,Low resolution,False,angry,0.911617892493546,0.012502404282258317,0.01300538550448671,1.7733438287155656e-06,0.06081492172224639,2.5164896868634787e-05,0.0020324577567653866,angry,0.19465391429773016,DeepFace,True
1_angry,o,Original,False,angry,0.9923344575987899,3.708888672921272e-05,0.0012643915434148985,3.9783012468304693e-07,0.006314381057528382,1.4986866075004916e-05,3.4296217337840885e-05,angry,0.025159825914887506,DeepFace,True
20_sad,b,Blur,True,sad,0.0010411903919265101,5.062626402509305e-09,7.785399968021976e-05,0.06487058387180208,0.0034008927089311585,1.3505225133337678e-07,0.9306093389127823,neutral,0.13956895710434955,DeepFace,True
20_sad,g,Greyscale,True,sad,0.005562400475882506,1.0954549327840462e-08,0.00010982397421957515,0.08732444095873469,0.010353604388459205,1.1524976947225657e-07,0.8966496039983852,neutral,0.1993543019760045,DeepFace,True
20_sad,l,Low resolution,True,sad,0.01480992051627737,7.988665910410424e-08,9.422402123238012e-05,0.0340856969906658,0.011166747478405617,9.016415598206716e-08,0.9398432409426037,neutral,0.1474560163076993,DeepFace,True
20_sad,o,Original,True,sad,0.005593528372959798,1.0464000085100342e-08,0.00011063029989561704,0.08458977737389507,0.010504035961741452,1.0925139289882228e-07,0.8992019082761151,neutral,0.1964863836555392,DeepFace,True
21_surprise,b,Blur,False,surprise,7.916835793842013e-05,2.2877119419234036e-08,0.10129424429541596,0.000983242434946214,2.182996947158007e-07,0.8976428725854085,2.3114947670971766e-07,surprise,0.17289068827991472,DeepFace,True
21_surprise,g,Greyscale,False,surprise,6.442935056110924e-06,2.4286918001256913e-11,0.019746260748731988,0.00010642981231742018,7.447412143208953e-11,0.9801408663987912,6.342234473330105e-12,surprise,0.05047057600299525,DeepFace,True
21_surprise,l,Low resolution,False,surprise,1.8363155483839193e-05,1.4503686405413788e-10,0.038449006069934274,4.341382517102188e-05,2.329853136736336e-10,0.9614892114872051,5.084183483110825e-09,surprise,0.08411441010767097,DeepFace,True
21_surprise,o,Original,False,surprise,6.526289788520899e-06,2.4009183497563527e-11,0.01983762114315682,0.000108616630738216,7.8793678561132e-11,0.980047235826866,6.647605246947104e-12,surprise,0.05066454973603776,DeepFace,True
22_angry,b,Blur,False,angry,0.3822875600871127,2.2709019624034724e-07,0.0023035553640805206,3.244678721914939e-05,0.06391416459877831,8.10065735814851e-06,0.551453945415255,neutral,0.45532742418884387,DeepFace,True
22_angry,g,Greyscale,False,angry,0.3006448852841545,4.4065902498186536e-10,2.3239278480434942e-05,0.0007239359223231958,0.002823246743534063,1.601319547925659e-05,0.6957686791353695,neutral,0.32680643530134795,DeepFace,True
22_angry,l,Low resolution,False,angry,0.00300906478818761,1.5096146905345437e-12,2.6913389285092876e-06,0.00035379922500391184,0.0004880357042338886,2.6002256295592533e-07,0.9961461489195735,neutral,0.014331998656607187,DeepFace,True
22_angry,o,Original,False,angry,0.315638589082331,5.943487684946297e-10,2.584137733447009e-05,0.0007701090925701685,0.0031014921758618303,1.8502783115394326e-05,0.6804454648944382,neutral,0.3339655738920912,DeepFace,True
23_disgust,b,Blur,False,disgust,0.9963369319350351,0.000127931197577614,0.0006765701657560909,1.1501109695555813e-07,0.002835845327630054,1.0736840468389792e-05,1.186952243579177e-05,angry,0.013687052374756668,DeepFace,True
23_disgust,g,Greyscale,False,disgust,0.999611157985085,1.0271517828836357e-06,9.318474968140622e-05,2.6140348814682718e-09,0.00029450025135305854,3.2643216570341495e-08,9.460484630352677e-08,angry,0.0018830621552779947,DeepFace,True
23_disgust,l,Low resolution,False,disgust,0.9696238320181134,0.013931517890489947,0.006542293077629285,1.7168118443946724e-07,0.00974996788568007,4.4369074571490714e-05,0.00010784837233148616,angry,0.08681375792003447,DeepFace,True
23_disgust,o,Original,False,disgust,0.9996268361914363,9.91001304811005e-07,8.960236680897302e-05,2.394541361228769e-09,0.00028244978235938007,3.0257846610484864e-08,8.800570242396038e-08,angry,0.0018151318239333313,DeepFace,True
24_fear,b,Blur,False,fear,0.0008047388783858769,5.113899207284527e-08,0.19123769930305246,5.250949831486089e-09,0.8077518751916662,1.454589750890525e-06,0.00020417564720259546,sad,0.25504623450713565,DeepFace,True
24_fear,g,Greyscale,False,fear,0.0002877045445917836,2.511248138790506e-07,0.2733679976507842,2.4175843254504582e-08,0.7262769848954149,1.2327333783763367e-05,5.471027476822524e-05,sad,0.3031218527683981,DeepFace,True
24_fear,l,Low resolution,False,fear,0.0006588827237580884,1.1034117621318766e-08,0.13996729256900808,3.4098297879458676e-07,0.8586729766274648,1.426304152339966e-06,0.0006990697585202873,sad,0.21377543070974395,DeepFace,True
24_fear,o,Original,False,fear,0.00029434556369162935,2.5801988395675874e-07,0.2751994012785652,2.4953744646405842e-08,0.7244385164438477,1.2547907679027423e-05,5.490583258778508e-05,sad,0.304066078575234,DeepFace,True
25_happy,b,Blur,False,happy,0.0005117378629353294,2.6126201771494338e-11,7.2083200287754e-05,0.00018348305860046657,0.002696933856640822,3.379613853185641e-06,0.9965323823815563,neutral,0.013156898316487212,DeepFace,True
25_happy,g,Greyscale,False,happy,0.0037734969194575347,1.3780744482502688e-10,8.273492787131166e-05,0.00012880090687954042,0.007921360364981598,6.026655034262332e-08,0.9880935464764522,neutral,0.037590604285029854,DeepFace,True
25_happy,l,Low resolution,False,happy,0.011140538012903616,5.133049445878489e-08,0.0014611938544777361,0.00029689462148425606,0.024707884848779442,1.4767450759788488e-05,0.9623786698811007,neutral,0.09792651170836006,DeepFace,True
25_happy,o,Original,False,happy,0.003701275499894388,1.3121188218414836e-10,8.190494155556109e-05,0.00012573538084763444,0.007716957103758466,6.105805696674436e-08,0.988374065884675,neutral,0.036857146004762864,DeepFace,True
26_neutral,b,Blur,False,neutral,0.0008380705475595844,4.477797971055927e-10,0.026249193337001143,0.22254445236893322,0.0010803903268059932,0.37741763380147797,0.37187025917044225,surprise,0.6058261872063747,DeepFace,True
26_neutral,g,Greyscale,False,neutral,0.00041130395586722995,1.8255094507752106e-09,0.009240638669559749,0.09031415185888621,9.085981784198658e-05,0.8258582536689639,0.07408479020337147,surprise,0.31620975061738626,DeepFace,True
26_neutral,l,Low resolution,False,neutral,0.008058874408910175,7.561536840251646e-10,0.0007359781733910158,0.7555097784384522,0.00021164842259208312,0.01533779591818482,0.22014592388231605,happy,0.3366159118609702,DeepFace,True
26_neutral,o,Original,False,neutral,0.0004180987596044386,2.0043663669541638e-09,0.0095413184794022,0.08668212446106634,8.467735317850192e-05,0.8354778270667935,0.0677959518755886,surprise,0.30476759258443636,DeepFace,True
27_sad,b,Blur,False,sad,4.185926704961264e-06,3.99093699502945e-12,0.24615270354630944,0.014076758436439825,0.0662729975917518,1.9236768267716554e-06,0.6734914308179762,neutral,0.437444693225551,DeepFace,True
27_sad,g,Greyscale,False,sad,0.0004994980511564481,1.2959717121822163e-08,0.04323244556313434,0.0006055904211258458,0.5557398910405763,5.6664540608536505e-06,0.39991689551022913,sad,0.4302091792879086,DeepFace,True
27_sad,l,Low resolution,False,sad,0.0005611083979720056,5.729150884674279e-08,0.1080203079305728,1.0058829238468539e-05,0.7443484987528074,4.857398041006907e-07,0.1470594830580965,sad,0.3835650600637477,DeepFace,True
27_sad,o,Original,False,sad,0.0004750462211021358,1.1283981265238133e-08,0.04172491015135217,0.0005870582626275306,0.5499280129009377,5.363495961810482e-06,0.40727959768403743,sad,0.4292564287433071,DeepFace,True
28_surprise,b,Blur,True,surprise,0.06077496066739628,0.00014574447664168031,0.6479145399722497,0.0014729522188730124,0.012525658338276508,0.2751440155068113,0.002022128819751553,fear,0.45467593620072516,DeepFace,True
28_surprise,g,Greyscale,True,surprise,0.07093748567545821,0.000695344130361786,0.8157857195289773,0.0006117543190332488,0.06670391669868912,0.025192056267670355,0.02007372337980996,fear,0.3675245381853521,DeepFace,True
28_surprise,l,Low resolution,True,surprise,0.048763172266066294,0.0005327569243950257,0.6247871105016627,0.0008653570219917789,0.005277811238468803,0.3189739678313435,0.0007998242160719573,fear,0.43637284454892056,DeepFace,True
28_surprise,o,Original,True,surprise,0.06955644449466963,0.0006966309117341544,0.81734835644803,0.0006356688646469134,0.06666251979770593,0.02436854117902811,0.020731838304185277,fear,0.36559177480155325,DeepFace,True
29_angry,b,Blur,False,angry,0.8319517763964099,2.5380386052392046e-10,0.00032195910828658497,7.379630368605828e-05,0.0015107026182221114,1.0973360714227403e-05,0.1661307919588772,angry,0.23870228951614092,DeepFace,True
29_angry,g,Greyscale,False,angry,0.9728177687571924,6.454988860112211e-12,5.6381406080003514e-05,8.462632955227638e-05,0.0005164908575052851,3.244936887399743e-08,0.026524700193846278,angry,0.06595387027975258,DeepFace,True
29_angry,l,Low resolution,False,angry,0.6356968200176621,1.7574948156016752e-13,1.957764399533583e-06,2.1934954186960772e-06,7.985348097195563e-05,3.1915947865117576e-07,0.3642188560818931,angry,0.337459399911183,DeepFace,True
29_angry,o,Original,False,angry,0.9733712237795997,6.084061801444276e-12,5.4782785178490014e-05,8.147484549495083e-05,0.0005073740385765868,2.9568332236783637e-08,0.02598511497673394,angry,0.06489351428356739,DeepFace,True
2_disgust,b,Blur,False,disgust,0.48347184216803113,0.0006948767289486575,0.24963767857778413,0.019416766969112556,0.19931559589965858,0.0003491458278997787,0.04711409382856507,angry,0.6411290871290185,DeepFace,True
2_disgust,g,Greyscale,False,disgust,0.2139857389793854,0.002344160945974095,0.3053893330747546,0.026215549256798514,0.2520516366842683,0.0008406700717754125,0.19917291098704376,fear,0.7587841734455878,DeepFace,True
2_disgust,l,Low resolution,False,disgust,0.5804568671499153,0.0016630517028253758,0.1281263114645393,0.00040898586578762687,0.2709514863190812,2.8478280699348003e-05,0.018364819217151714,angry,0.5243578640842518,DeepFace,True
2_disgust,o,Original,False,disgust,0.20357339210308315,0.002378173826950899,0.3010056257813513,0.028800357557116525,0.25319316013224136,0.0008704218307542245,0.21017886876850256,fear,0.762480407789438,DeepFace,True
30_disgust,b,Blur,False,disgust,0.00034623092166623785,4.458742798246612e-05,0.012137371927709983,0.8305303969017426,0.10502615468050686,0.00017809543176566052,0.05173716270862622,happy,0.3095792906422662,DeepFace,True
30_disgust,g,Greyscale,False,disgust,0.005052250805850402,0.0018854198263494827,0.029055595374271603,0.07502599054421509,0.8569354407956651,0.0032106896370562225,0.028834613016592073,sad,0.30251183845833224,DeepFace,True
30_disgust,l,Low resolution,False,disgust,0.001021890612939816,0.00771060963375748,0.012656805352414249,0.08456791480050929,0.8832584737947256,0.000550798867381402,0.010233506938272158,sad,0.2412362422731896,DeepFace,True
30_disgust,o,Original,False,disgust,0.004893540630901189,0.001835371801704471,0.028944922086216286,0.07866856819384517,0.8536725438791328,0.0030610134377170284,0.02892403997048315,sad,0.3059769677780924,DeepFace,True
31_fear,b,Blur,False,fear,6.648499185047529e-06,9.33093992550671e-15,4.4325295440430014e-05,9.671964114345766e-07,0.004630730272798698,3.4966197204778265e-08,0.9953172937699578,neutral,0.015468163378144092,DeepFace,True
31_fear,g,Greyscale,False,fear,9.497867788109456e-07,6.397683033872477e-17,0.0002738235133188496,8.231469841265956e-07,0.002831663485838023,1.7353782853214283e-06,0.9968910046887949,neutral,0.011311478846049315,DeepFace,True
31_fear,l,Low resolution,False,fear,4.165679813285136e-05,1.216080238994712e-12,0.006617948225086468,6.825595769521553e-05,0.005613176853438918,0.0008894829452955502,0.9867694792191348,neutral,0.04253316761063584,DeepFace,True
31_fear,o,Original,False,fear,9.92818189366606e-07,6.792100562129584e-17,0.0002580890766721246,8.243178084197535e-07,0.0029023574225103812,1.5340375771733052e-06,0.9968362023272425,neutral,0.011456451950093139,DeepFace,True
32_happy,b,Blur,False,happy,3.7167987423206393e-06,3.700546783794826e-08,8.297037581959692e-06,0.9250371935866479,1.8927600783468114e-06,6.283712962554563e-05,0.07488602568185601,happy,0.13718305362360692,DeepFace,True
32_happy,g,Greyscale,False,happy,3.256698411028297e-07,1.2238956331256126e-09,6.216777608169741e-07,0.9446380257495459,3.724448445173414e-07,0.0002834836992378579,0.05507716953487399,happy,0.11090188778455037,DeepFace,True
32_happy,l,Low resolution,False,happy,1.2735702268297666e-07,2.2663614792552252e-10,1.571396053573737e-07,0.9967254120438416,1.9138337310551476e-06,4.603151190089418e-05,0.003226357887262434,happy,0.01144259957890675,DeepFace,True
32_happy,o,Original,False,happy,3.3046940216801e-07,1.2713298640100122e-09,6.277477603629853e-07,0.9451440905892792,3.6906801761130375e-07,0.0002829838876710046,0.054571596966539924,happy,0.11016018876394246,DeepFace,True
